"keyword","metadata_keyword_regex","metadata_keyword_type","metadata_tool","metadata_description","metadata_tool_techniques","metadata_tool_tactics","metadata_malwares_name","metadata_groups_name","metadata_category","metadata_link","metadata_enable_endpoint_detection","metadata_enable_proxy_detection","metadata_tags","metadata_comment","metadata_severity_score","metadata_popularity_score","metadata_github_stars","metadata_github_forks","metadata_github_updated_at","metadata_github_created_at","metadata_entry_id"
"*// A: the Meterpreter stage is a large shellcode *",".{0,1000}\/\/\sA\:\sthe\sMeterpreter\sstage\sis\sa\slarge\sshellcode\s.{0,1000}","offensive_tool_keyword","CelestialSpark","A modern 64-bit position independent meterpreter and Sliver compatible reverse_TCP Staging Shellcode based on Cracked5piders Stardust","T1572 - T1048 - T1041 - T1105","TA0005 - TA0011 - TA0010","N/A","FIN11 - FIN7 - Silence group - MuddyWater - FIN6 - GCMAN - Turla","C2","https://github.com/Karkas66/CelestialSpark","1","0","#content","N/A","10","10","103","10","2025-03-27T12:47:34Z","2024-04-11T12:17:22Z","5045"
"*// Define IP Adress of your C2 Stager (!)*",".{0,1000}\/\/\sDefine\sIP\sAdress\sof\syour\sC2\sStager\s\(!\).{0,1000}","offensive_tool_keyword","CelestialSpark","A modern 64-bit position independent meterpreter and Sliver compatible reverse_TCP Staging Shellcode based on Cracked5piders Stardust","T1572 - T1048 - T1041 - T1105","TA0005 - TA0011 - TA0010","N/A","N/A","C2","https://github.com/Karkas66/CelestialSpark","1","0","#content","N/A","10","10","103","10","2025-03-27T12:47:34Z","2024-04-11T12:17:22Z","5046"
"*/CelestialSpark.git*",".{0,1000}\/CelestialSpark\.git.{0,1000}","offensive_tool_keyword","CelestialSpark","A modern 64-bit position independent meterpreter and Sliver compatible reverse_TCP Staging Shellcode based on Cracked5piders Stardust","T1572 - T1048 - T1041 - T1105","TA0005 - TA0011 - TA0010","N/A","N/A","C2","https://github.com/Karkas66/CelestialSpark","1","1","N/A","N/A","10","10","103","10","2025-03-27T12:47:34Z","2024-04-11T12:17:22Z","5971"
"*[!] Failed to load shellcode into memory*",".{0,1000}\[!\]\sFailed\sto\sload\sshellcode\sinto\smemory.{0,1000}","offensive_tool_keyword","CelestialSpark","A modern 64-bit position independent meterpreter and Sliver compatible reverse_TCP Staging Shellcode based on Cracked5piders Stardust","T1572 - T1048 - T1041 - T1105","TA0005 - TA0011 - TA0010","N/A","N/A","C2","https://github.com/Karkas66/CelestialSpark","1","0","#content","N/A","10","10","103","10","2025-03-27T12:47:34Z","2024-04-11T12:17:22Z","12923"
"*\asm_CelestialSpark.x64.o*",".{0,1000}\\asm_CelestialSpark\.x64\.o.{0,1000}","offensive_tool_keyword","CelestialSpark","A modern 64-bit position independent meterpreter and Sliver compatible reverse_TCP Staging Shellcode based on Cracked5piders Stardust","T1572 - T1048 - T1041 - T1105","TA0005 - TA0011 - TA0010","N/A","N/A","C2","https://github.com/Karkas66/CelestialSpark","1","0","N/A","N/A","10","10","103","10","2025-03-27T12:47:34Z","2024-04-11T12:17:22Z","14115"
"*\loader.x64.exe*",".{0,1000}\\loader\.x64\.exe.{0,1000}","offensive_tool_keyword","CelestialSpark","A modern 64-bit position independent meterpreter and Sliver compatible reverse_TCP Staging Shellcode based on Cracked5piders Stardust","T1572 - T1048 - T1041 - T1105","TA0005 - TA0011 - TA0010","N/A","N/A","C2","https://github.com/Karkas66/CelestialSpark","1","0","N/A","N/A","10","10","103","10","2025-03-27T12:47:34Z","2024-04-11T12:17:22Z","16314"
"*482002c785db1a3432ec214464a19042a3f36a21e5617a9901a0eae9f04451f1*",".{0,1000}482002c785db1a3432ec214464a19042a3f36a21e5617a9901a0eae9f04451f1.{0,1000}","offensive_tool_keyword","CelestialSpark","A modern 64-bit position independent meterpreter and Sliver compatible reverse_TCP Staging Shellcode based on Cracked5piders Stardust","T1572 - T1048 - T1041 - T1105","TA0005 - TA0011 - TA0010","N/A","N/A","C2","https://github.com/Karkas66/CelestialSpark","1","0","#filehash","N/A","10","10","103","10","2025-03-27T12:47:34Z","2024-04-11T12:17:22Z","25903"
"*b8c9caeda6743d224835019b8bdc0105ad54f9a804a33e7e51acb605a8e8bc25*",".{0,1000}b8c9caeda6743d224835019b8bdc0105ad54f9a804a33e7e51acb605a8e8bc25.{0,1000}","offensive_tool_keyword","CelestialSpark","A modern 64-bit position independent meterpreter and Sliver compatible reverse_TCP Staging Shellcode based on Cracked5piders Stardust","T1572 - T1048 - T1041 - T1105","TA0005 - TA0011 - TA0010","N/A","N/A","C2","https://github.com/Karkas66/CelestialSpark","1","0","#filehash","N/A","10","10","103","10","2025-03-27T12:47:34Z","2024-04-11T12:17:22Z","35033"
"*Karkas66/CelestialSpark*",".{0,1000}Karkas66\/CelestialSpark.{0,1000}","offensive_tool_keyword","CelestialSpark","A modern 64-bit position independent meterpreter and Sliver compatible reverse_TCP Staging Shellcode based on Cracked5piders Stardust","T1572 - T1048 - T1041 - T1105","TA0005 - TA0011 - TA0010","N/A","N/A","C2","https://github.com/Karkas66/CelestialSpark","1","1","N/A","N/A","10","10","103","10","2025-03-27T12:47:34Z","2024-04-11T12:17:22Z","50224"
"*MessageBoxW(*""Stardust Socket Failed""*",".{0,1000}MessageBoxW\(.{0,1000}\""Stardust\sSocket\sFailed\"".{0,1000}","offensive_tool_keyword","CelestialSpark","A modern 64-bit position independent meterpreter and Sliver compatible reverse_TCP Staging Shellcode based on Cracked5piders Stardust","T1572 - T1048 - T1041 - T1105","TA0005 - TA0011 - TA0010","N/A","N/A","C2","https://github.com/Karkas66/CelestialSpark","1","0","N/A","N/A","10","10","103","10","2025-03-27T12:47:34Z","2024-04-11T12:17:22Z","51886"
"*MessageBoxW(*""Stardust Socket Initialization""*",".{0,1000}MessageBoxW\(.{0,1000}\""Stardust\sSocket\sInitialization\"".{0,1000}","offensive_tool_keyword","CelestialSpark","A modern 64-bit position independent meterpreter and Sliver compatible reverse_TCP Staging Shellcode based on Cracked5piders Stardust","T1572 - T1048 - T1041 - T1105","TA0005 - TA0011 - TA0010","N/A","N/A","C2","https://github.com/Karkas66/CelestialSpark","1","0","N/A","N/A","10","10","103","10","2025-03-27T12:47:34Z","2024-04-11T12:17:22Z","51887"
"*MessageBoxW(*""We are all made of Stardust!""*",".{0,1000}MessageBoxW\(.{0,1000}\""We\sare\sall\smade\sof\sStardust!\"".{0,1000}","offensive_tool_keyword","CelestialSpark","A modern 64-bit position independent meterpreter and Sliver compatible reverse_TCP Staging Shellcode based on Cracked5piders Stardust","T1572 - T1048 - T1041 - T1105","TA0005 - TA0011 - TA0010","N/A","N/A","C2","https://github.com/Karkas66/CelestialSpark","1","0","N/A","N/A","10","10","103","10","2025-03-27T12:47:34Z","2024-04-11T12:17:22Z","51888"
"*'S', 'T', 'A', 'R', 'D', 'U', 'S', 'T', '-', 'E', 'N', 'D'*",".{0,1000}\'S\',\s\'T\',\s\'A\',\s\'R\',\s\'D\',\s\'U\',\s\'S\',\s\'T\',\s\'\-\',\s\'E\',\s\'N\',\s\'D\'.{0,1000}","offensive_tool_keyword","CelestialSpark","A modern 64-bit position independent meterpreter and Sliver compatible reverse_TCP Staging Shellcode based on Cracked5piders Stardust","T1572 - T1048 - T1041 - T1105","TA0005 - TA0011 - TA0010","N/A","N/A","C2","https://github.com/Karkas66/CelestialSpark","1","0","N/A","N/A","10","10","103","10","2025-03-27T12:47:34Z","2024-04-11T12:17:22Z","57808"
"*x64/CelestialSpark.asm*",".{0,1000}x64\/CelestialSpark\.asm.{0,1000}","offensive_tool_keyword","CelestialSpark","A modern 64-bit position independent meterpreter and Sliver compatible reverse_TCP Staging Shellcode based on Cracked5piders Stardust","T1572 - T1048 - T1041 - T1105","TA0005 - TA0011 - TA0010","N/A","N/A","C2","https://github.com/Karkas66/CelestialSpark","1","1","N/A","N/A","10","10","103","10","2025-03-27T12:47:34Z","2024-04-11T12:17:22Z","63179"
